[-34.9096896, -56.2141228],
[-34.9100591, -56.2140531],
[-34.9103759, -56.2137902],
[-34.9107542, -56.2133343],
[-34.9111325, -56.2127925],
[-34.9115064, -56.2120575],
[-34.9117748, -56.2112153],
[-34.9118848, -56.2103838],
[-34.9118364, -56.2095952],
[-34.911634, -56.2086403],
[-34.9113349, -56.207664],
[-34.9108422, -56.2061727],
[-34.9103319, -56.2042415],
[-34.9102527, -56.2028468],
[-34.9105079, -56.2015594],
[-34.9108422, -56.2000144],
[-34.9112733, -56.1984802],
[-34.9115636, -56.1974073],
[-34.9086866, -56.1977721],
[-34.9040058, -56.1983085],
[-34.9002574, -56.1987162],
[-34.9010317, -56.200347],
[-34.9019292, -56.2033081],
[-34.9022636, -56.2047136],
[-34.9024308, -56.2053681],
[-34.9027211, -56.205926],
[-34.9032667, -56.2064195],
[-34.9037418, -56.2074173],
[-34.9045513, -56.2098956],
[-34.9059943, -56.214037],
[-34.9063814, -56.2153244],
[-34.9072085, -56.2149382],
[-34.9084051, -56.2143803],
[-34.9090561, -56.2141228],
[-34.9096896, -56.2141228]