[-34.885684,-56.099067],
[-34.886001,-56.102028],
[-34.88586,-56.105204],
[-34.886318,-56.107049],
[-34.886529,-56.108294],
[-34.887022,-56.109538],
[-34.887339,-56.111898],
[-34.887374,-56.114945],
[-34.887163,-56.120009],
[-34.887022,-56.124129],
[-34.886635,-56.137862],
[-34.888395,-56.135674],
[-34.891405,-56.131532],
[-34.894925,-56.13415],
[-34.89753,-56.135888],
[-34.899589,-56.137261],
[-34.900345,-56.137755],
[-34.900684,-56.137734],
[-34.900974,-56.137717],
[-34.901194,-56.138447],
[-34.901648,-56.138313],
[-34.904833,-56.137197],
[-34.905783,-56.136789],
[-34.90888,-56.135716],
[-34.909866,-56.13533],
[-34.909584,-56.134472],
[-34.90881,-56.133871],
[-34.907472,-56.133528],
[-34.906698,-56.133227],
[-34.905678,-56.133013],
[-34.904868,-56.132412],
[-34.904375,-56.131854],
[-34.904234,-56.130738],
[-34.904375,-56.12988],
[-34.904727,-56.129108],
[-34.905185,-56.128163],
[-34.905396,-56.127005],
[-34.905044,-56.125631],
[-34.904727,-56.124945],
[-34.904234,-56.124258],
[-34.903531,-56.123915],
[-34.902686,-56.123786],
[-34.901524,-56.124],
[-34.901137,-56.123743],
[-34.900081,-56.12267],
[-34.899307,-56.122026],
[-34.898392,-56.120224],
[-34.897406,-56.118164],
[-34.897054,-56.11722],
[-34.89709,-56.116362],
[-34.897266,-56.11486],
[-34.897054,-56.113744],
[-34.896562,-56.112413],
[-34.89628,-56.111598],
[-34.895822,-56.109924],
[-34.895822,-56.108379],
[-34.895787,-56.107221],
[-34.895893,-56.105719],
[-34.89628,-56.104174],
[-34.896949,-56.102157],
[-34.897723,-56.100612],
[-34.897301,-56.099625],
[-34.896702,-56.097951],
[-34.896914,-56.096921],
[-34.896773,-56.09602],
[-34.895717,-56.09396],
[-34.895083,-56.091428],
[-34.885684,-56.099067]