[-34.856813,-56.202943],
[-34.857623,-56.196485],
[-34.859982,-56.19524],
[-34.862447,-56.193438],
[-34.867377,-56.192193],
[-34.869313,-56.191592],
[-34.871461,-56.190262],
[-34.870264,-56.174426],
[-34.863996,-56.169662],
[-34.862165,-56.168418],
[-34.84741,-56.156273],
[-34.845614,-56.159363],
[-34.844909,-56.162024],
[-34.844275,-56.164641],
[-34.843395,-56.169405],
[-34.84262,-56.172666],
[-34.838217,-56.169963],
[-34.838534,-56.173278],
[-34.836064,-56.173654],
[-34.836909,-56.181883],
[-34.836702,-56.182623],
[-34.83635,-56.18361],
[-34.835012,-56.187386],
[-34.833673,-56.189833],
[-34.841211,-56.197214],
[-34.843958,-56.192322],
[-34.845649,-56.190391],
[-34.847339,-56.188888],
[-34.847304,-56.189532],
[-34.846952,-56.190391],
[-34.846635,-56.191163],
[-34.846529,-56.192279],
[-34.846881,-56.19318],
[-34.847938,-56.194296],
[-34.848713,-56.194768],
[-34.849593,-56.194897],
[-34.850474,-56.195326],
[-34.851125,-56.195776],
[-34.851777,-56.196785],
[-34.852023,-56.198201],
[-34.85227,-56.199188],
[-34.852904,-56.199703],
[-34.853996,-56.200046],
[-34.854806,-56.200776],
[-34.854982,-56.201763],
[-34.855616,-56.20245],
[-34.856813,-56.202943]