[-34.846635,-56.155071],
[-34.847868,-56.156187],
[-34.8491,-56.157217],
[-34.850227,-56.158118],
[-34.851108,-56.158805],
[-34.851953,-56.159492],
[-34.852622,-56.160221],
[-34.85426,-56.161423],
[-34.854876,-56.161938],
[-34.855281,-56.162302],
[-34.855756,-56.162667],
[-34.856091,-56.162925],
[-34.856461,-56.163139],
[-34.856813,-56.163418],
[-34.857182,-56.163804],
[-34.857517,-56.164019],
[-34.85794,-56.16432],
[-34.858327,-56.164727],
[-34.858714,-56.165049],
[-34.859049,-56.16535],
[-34.859454,-56.165714],
[-34.859894,-56.165993],
[-34.860334,-56.166336],
[-34.860774,-56.166766],
[-34.861162,-56.167023],
[-34.861514,-56.167345],
[-34.861884,-56.167667],
[-34.862306,-56.168139],
[-34.862377,-56.168439],
[-34.86382,-56.169362],
[-34.864595,-56.169834],
[-34.865229,-56.170306],
[-34.866039,-56.170778],
[-34.86713,-56.17168],
[-34.868222,-56.172495],
[-34.869419,-56.173439],
[-34.87051,-56.174297],
[-34.871778,-56.175499],
[-34.872623,-56.176186],
[-34.873327,-56.176829],
[-34.874348,-56.177645],
[-34.875264,-56.17846],
[-34.876355,-56.179233],
[-34.876707,-56.178632],
[-34.876848,-56.17816],
[-34.876918,-56.177688],
[-34.877306,-56.176744],
[-34.877552,-56.1761],
[-34.87801,-56.175242],
[-34.878362,-56.174555],
[-34.87889,-56.173611],
[-34.879312,-56.17301],
[-34.879735,-56.172237],
[-34.880404,-56.171207],
[-34.881073,-56.170049],
[-34.881706,-56.169276],
[-34.882234,-56.168847],
[-34.882868,-56.167989],
[-34.883502,-56.167216],
[-34.884241,-56.16653],
[-34.8848308,-56.1659502],
[-34.889539,-56.165564],
[-34.885984,-56.163633],
[-34.884545,-56.1619753],
[-34.8830284,-56.160202],
[-34.881266,-56.157968],
[-34.8799988,-56.1560796],
[-34.877922,-56.153033],
[-34.876232,-56.149986],
[-34.87595,-56.149406],
[-34.875704,-56.148934],
[-34.875457,-56.14857],
[-34.875052,-56.147969],
[-34.874788,-56.147518],
[-34.874507,-56.147068],
[-34.87426,-56.146574],
[-34.874014,-56.146059],
[-34.873644,-56.145523],
[-34.873327,-56.144922],
[-34.873081,-56.14445],
[-34.87287,-56.143913],
[-34.87257,-56.143463],
[-34.87213,-56.142754],
[-34.871655,-56.141918],
[-34.871268,-56.141274],
[-34.87051,-56.139944],
[-34.870018,-56.139064],
[-34.869595,-56.138656],
[-34.868944,-56.137948],
[-34.868328,-56.137497],
[-34.866673,-56.137154],
[-34.864683,-56.136725],
[-34.864155,-56.137369],
[-34.86375,-56.138034],
[-34.862518,-56.139364],
[-34.861179,-56.140909],
[-34.860158,-56.142068],
[-34.859419,-56.142969],
[-34.858855,-56.143227],
[-34.858362,-56.143484],
[-34.857235,-56.143699],
[-34.856073,-56.143913],
[-34.854876,-56.144171],
[-34.853714,-56.143999],
[-34.846635,-56.155071]