[-34.885684,-56.099067],
[-34.888342,-56.096942],
[-34.888765,-56.096642],
[-34.889328,-56.096063],
[-34.890014,-56.095569],
[-34.890771,-56.094904],
[-34.891422,-56.094368],
[-34.89239,-56.093616],
[-34.892971,-56.093059],
[-34.893869,-56.092458],
[-34.894608,-56.091728],
[-34.895083,-56.091428],
[-34.895066,-56.09102],
[-34.895048,-56.090419],
[-34.895154,-56.089754],
[-34.895576,-56.088724],
[-34.895365,-56.086578],
[-34.895435,-56.085119],
[-34.89621,-56.083832],
[-34.898181,-56.082802],
[-34.89987,-56.081858],
[-34.899589,-56.08057],
[-34.898251,-56.078682],
[-34.897406,-56.077223],
[-34.897406,-56.075506],
[-34.897477,-56.07379],
[-34.89797,-56.072416],
[-34.899377,-56.070957],
[-34.898814,-56.069155],
[-34.898462,-56.067781],
[-34.899096,-56.067009],
[-34.899237,-56.065292],
[-34.898674,-56.064177],
[-34.897336,-56.062632],
[-34.895576,-56.061001],
[-34.894168,-56.059284],
[-34.892619,-56.057396],
[-34.891493,-56.05525],
[-34.890296,-56.052589],
[-34.888677,-56.049929],
[-34.887339,-56.046753],
[-34.886283,-56.04289],
[-34.88396,-56.038427],
[-34.882763,-56.035938],
[-34.880862,-56.032934],
[-34.879453,-56.03096],
[-34.878608,-56.03199],
[-34.878186,-56.034308],
[-34.8772,-56.034908],
[-34.875369,-56.035852],
[-34.873327,-56.036196],
[-34.87206,-56.03714],
[-34.871356,-56.039886],
[-34.869736,-56.04126],
[-34.86868,-56.041861],
[-34.868609,-56.044865],
[-34.867412,-56.04744],
[-34.868468,-56.049757],
[-34.869806,-56.051559],
[-34.869313,-56.053877],
[-34.868257,-56.058683],
[-34.866637,-56.059799],
[-34.865933,-56.060743],
[-34.864102,-56.060228],
[-34.86206,-56.058083],
[-34.860088,-56.056194],
[-34.856214,-56.056023],
[-34.851988,-56.05422],
[-34.847551,-56.05422],
[-34.847128,-56.05628],
[-34.84586,-56.060743],
[-34.845156,-56.063662],
[-34.844803,-56.066151],
[-34.844381,-56.068296],
[-34.844522,-56.06967],
[-34.845578,-56.070614],
[-34.84741,-56.071215],
[-34.848889,-56.070957],
[-34.850016,-56.071472],
[-34.849734,-56.073532],
[-34.851988,-56.074133],
[-34.853256,-56.07439],
[-34.854172,-56.07439],
[-34.855651,-56.075678],
[-34.857059,-56.076622],
[-34.858186,-56.079111],
[-34.859595,-56.079025],
[-34.86051,-56.080399],
[-34.860792,-56.082115],
[-34.861919,-56.082287],
[-34.861496,-56.084433],
[-34.860088,-56.085634],
[-34.859172,-56.08778],
[-34.859524,-56.089582],
[-34.860651,-56.089668],
[-34.861426,-56.091213],
[-34.861215,-56.093531],
[-34.861496,-56.094389],
[-34.860158,-56.095676],
[-34.867509,-56.09882],
[-34.867192,-56.100462],
[-34.870334,-56.101749],
[-34.869666,-56.104431],
[-34.870933,-56.104774],
[-34.87051,-56.106148],
[-34.869877,-56.108036],
[-34.870088,-56.109581],
[-34.870158,-56.111469],
[-34.871496,-56.110354],
[-34.873186,-56.109088],
[-34.873662,-56.10868],
[-34.874384,-56.108122],
[-34.875158,-56.107478],
[-34.875897,-56.106834],
[-34.876883,-56.10604],
[-34.877429,-56.10559],
[-34.878309,-56.104839],
[-34.87889,-56.10441],
[-34.8794,-56.104066],
[-34.880281,-56.103337],
[-34.881566,-56.102157],
[-34.882692,-56.101277],
[-34.8844,-56.099946],
[-34.885684,-56.099067]