[-34.866004,-56.134128],
[-34.865616,-56.135652],
[-34.864243,-56.137047],
[-34.865202,-56.136768],
[-34.866514,-56.136918],
[-34.867834,-56.137304],
[-34.868944,-56.138034],
[-34.869384,-56.138463],
[-34.869595,-56.138742],
[-34.870018,-56.13915],
[-34.87051,-56.14003],
[-34.871056,-56.140877],
[-34.87213,-56.14284],
[-34.87257,-56.143548],
[-34.873081,-56.144536],
[-34.87426,-56.14666],
[-34.874788,-56.147604],
[-34.875704,-56.14902],
[-34.876901,-56.15093],
[-34.886811,-56.137519],
[-34.886917,-56.133614],
[-34.886952,-56.131425],
[-34.886952,-56.127434],
[-34.887022,-56.124816],
[-34.887198,-56.122627],
[-34.887163,-56.118937],
[-34.887374,-56.116619],
[-34.887304,-56.111898],
[-34.887128,-56.110096],
[-34.886494,-56.108079],
[-34.886107,-56.105418],
[-34.886036,-56.103058],
[-34.885966,-56.100569],
[-34.88586,-56.098723],
[-34.880932,-56.102629],
[-34.87727,-56.105461],
[-34.870334,-56.111126],
[-34.870581,-56.111898],
[-34.870722,-56.112886],
[-34.871003,-56.114001],
[-34.871356,-56.115246],
[-34.871637,-56.116319],
[-34.871884,-56.117263],
[-34.87213,-56.118636],
[-34.872341,-56.119537],
[-34.872553,-56.121039],
[-34.87287,-56.121898],
[-34.873327,-56.124001],
[-34.873503,-56.125374],
[-34.872799,-56.125975],
[-34.871743,-56.127691],
[-34.870194,-56.129923],
[-34.868926,-56.131554],
[-34.867183,-56.134086],
[-34.866004,-56.134128]