[-34.753461,-56.108723],
[-34.75205,-56.106813],
[-34.751451,-56.107822],
[-34.751257,-56.108658],
[-34.751274,-56.109624],
[-34.750604,-56.110225],
[-34.750375,-56.111019],
[-34.750869,-56.112306],
[-34.750604,-56.112821],
[-34.749917,-56.113122],
[-34.7493,-56.113958],
[-34.748418,-56.115568],
[-34.748401,-56.116297],
[-34.748295,-56.116812],
[-34.748683,-56.117477],
[-34.74893,-56.118443],
[-34.748718,-56.118915],
[-34.748771,-56.11943],
[-34.748436,-56.119795],
[-34.747872,-56.119752],
[-34.747325,-56.119988],
[-34.746937,-56.120288],
[-34.746144,-56.12016],
[-34.74595,-56.120288],
[-34.745668,-56.12061],
[-34.745068,-56.12031],
[-34.744293,-56.120009],
[-34.743693,-56.120095],
[-34.742864,-56.120031],
[-34.742053,-56.120288],
[-34.741648,-56.120117],
[-34.741031,-56.120396],
[-34.740361,-56.121018],
[-34.739514,-56.121662],
[-34.739162,-56.121898],
[-34.738844,-56.121941],
[-34.73865,-56.122177],
[-34.738368,-56.122198],
[-34.738174,-56.122305],
[-34.738121,-56.122606],
[-34.738703,-56.12385],
[-34.738668,-56.124258],
[-34.738227,-56.12458],
[-34.738104,-56.124794],
[-34.738104,-56.125073],
[-34.737839,-56.12546],
[-34.737592,-56.125846],
[-34.737398,-56.126468],
[-34.736975,-56.126618],
[-34.736587,-56.126962],
[-34.736323,-56.126983],
[-34.735547,-56.126854],
[-34.735018,-56.127048],
[-34.734612,-56.126854],
[-34.733395,-56.126854],
[-34.732954,-56.126125],
[-34.732725,-56.126189],
[-34.73239,-56.126254],
[-34.731985,-56.126082],
[-34.731332,-56.125524],
[-34.730644,-56.124988],
[-34.730292,-56.124194],
[-34.729939,-56.123764],
[-34.729604,-56.123507],
[-34.729163,-56.123507],
[-34.728581,-56.123099],
[-34.727876,-56.123164],
[-34.727223,-56.122842],
[-34.726377,-56.123507],
[-34.725848,-56.123893],
[-34.725213,-56.123872],
[-34.724948,-56.124172],
[-34.724049,-56.123979],
[-34.723467,-56.124],
[-34.722603,-56.12443],
[-34.722144,-56.124322],
[-34.72098,-56.124172],
[-34.720098,-56.123979],
[-34.719604,-56.124537],
[-34.71874,-56.124494],
[-34.718334,-56.125417],
[-34.717682,-56.126039],
[-34.717541,-56.126339],
[-34.717611,-56.126661],
[-34.717047,-56.12767],
[-34.716535,-56.128271],
[-34.716465,-56.128571],
[-34.716588,-56.128893],
[-34.716412,-56.129215],
[-34.716412,-56.129601],
[-34.716147,-56.130438],
[-34.716147,-56.13076],
[-34.716059,-56.131039],
[-34.716253,-56.131296],
[-34.715989,-56.131961],
[-34.716288,-56.132219],
[-34.716306,-56.132498],
[-34.716147,-56.132712],
[-34.716377,-56.132906],
[-34.716288,-56.133335],
[-34.716306,-56.133656],
[-34.716482,-56.13415],
[-34.716359,-56.134472],
[-34.716183,-56.135137],
[-34.716288,-56.136532],
[-34.716165,-56.137111],
[-34.715989,-56.13739],
[-34.715654,-56.137454],
[-34.71516,-56.137948],
[-34.714489,-56.138463],
[-34.714242,-56.138785],
[-34.714066,-56.139085],
[-34.714119,-56.139622],
[-34.714278,-56.140652],
[-34.714172,-56.141274],
[-34.714031,-56.141918],
[-34.714137,-56.142132],
[-34.714137,-56.142454],
[-34.715407,-56.143999],
[-34.716183,-56.144986],
[-34.717541,-56.146402],
[-34.718916,-56.148205],
[-34.72038,-56.151638],
[-34.721015,-56.156015],
[-34.720804,-56.161509],
[-34.723132,-56.163139],
[-34.72687,-56.164856],
[-34.730962,-56.167002],
[-34.732902,-56.167088],
[-34.730962,-56.16919],
[-34.730891,-56.170049],
[-34.73068,-56.171036],
[-34.72941,-56.170349],
[-34.728952,-56.17125],
[-34.726729,-56.172881],
[-34.725107,-56.172495],
[-34.72426,-56.173096],
[-34.723061,-56.174212],
[-34.721227,-56.173782],
[-34.720098,-56.174212],
[-34.719393,-56.175499],
[-34.719534,-56.177559],
[-34.721086,-56.179104],
[-34.721721,-56.181765],
[-34.722074,-56.184082],
[-34.722144,-56.185284],
[-34.722003,-56.186829],
[-34.722426,-56.18803],
[-34.721932,-56.190434],
[-34.721509,-56.191893],
[-34.722708,-56.193008],
[-34.723978,-56.193438],
[-34.725248,-56.193609],
[-34.725601,-56.194639],
[-34.7268,-56.196442],
[-34.727153,-56.197729],
[-34.727858,-56.199617],
[-34.728705,-56.200819],
[-34.730398,-56.203136],
[-34.732514,-56.204338],
[-34.733924,-56.205025],
[-34.735194,-56.204853],
[-34.737028,-56.205969],
[-34.737451,-56.207256],
[-34.739144,-56.207943],
[-34.74126,-56.208544],
[-34.742247,-56.211033],
[-34.743517,-56.212234],
[-34.745844,-56.212578],
[-34.746479,-56.212234],
[-34.748101,-56.213436],
[-34.748665,-56.214724],
[-34.750076,-56.214294],
[-34.752473,-56.214552],
[-34.755576,-56.214552],
[-34.759455,-56.214037],
[-34.761993,-56.213779],
[-34.763403,-56.213865],
[-34.766224,-56.215496],
[-34.767493,-56.217041],
[-34.769114,-56.218157],
[-34.77123,-56.219187],
[-34.773063,-56.220131],
[-34.773979,-56.220732],
[-34.774966,-56.222277],
[-34.775742,-56.223736],
[-34.776376,-56.225967],
[-34.780113,-56.236954],
[-34.781664,-56.242104],
[-34.783003,-56.246567],
[-34.783214,-56.24824],
[-34.783214,-56.250258],
[-34.782827,-56.252618],
[-34.79229,-56.242726],
[-34.792627,-56.242112],
[-34.792717,-56.241455],
[-34.792614,-56.240733],
[-34.792299,-56.240098],
[-34.791834,-56.239247],
[-34.79175,-56.238315],
[-34.792018,-56.237297],
[-34.792694,-56.238136],
[-34.794154,-56.237968],
[-34.795973,-56.238756],
[-34.796387,-56.238702],
[-34.7974,-56.239035],
[-34.79851,-56.239872],
[-34.801259,-56.238413],
[-34.802246,-56.23867],
[-34.803444,-56.237726],
[-34.804783,-56.238155],
[-34.807179,-56.237297],
[-34.806774,-56.23734],
[-34.806862,-56.236868],
[-34.806968,-56.236396],
[-34.807135,-56.235677],
[-34.807628,-56.235076],
[-34.807875,-56.233574],
[-34.808404,-56.230956],
[-34.809249,-56.227051],
[-34.80939,-56.225592],
[-34.812526,-56.220485],
[-34.812324,-56.220646],
[-34.824443,-56.200304],
[-34.821695,-56.200132],
[-34.811478,-56.192322],
[-34.813944,-56.185541],
[-34.812676,-56.185799],
[-34.812147,-56.184854],
[-34.811478,-56.183824],
[-34.809716,-56.183739],
[-34.809223,-56.18537],
[-34.808377,-56.185713],
[-34.806615,-56.183395],
[-34.805699,-56.18288],
[-34.804572,-56.184597],
[-34.803655,-56.183996],
[-34.803409,-56.184297],
[-34.80281,-56.185455],
[-34.800907,-56.186914],
[-34.799638,-56.186056],
[-34.798017,-56.185112],
[-34.796607,-56.185112],
[-34.795057,-56.185713],
[-34.794493,-56.187258],
[-34.792872,-56.188631],
[-34.792237,-56.189661],
[-34.790898,-56.190262],
[-34.790475,-56.191464],
[-34.788431,-56.191549],
[-34.787656,-56.190434],
[-34.786105,-56.191549],
[-34.785188,-56.190863],
[-34.783285,-56.190519],
[-34.781664,-56.191464],
[-34.77976,-56.190948],
[-34.77835,-56.191206],
[-34.776235,-56.190691],
[-34.775883,-56.189833],
[-34.775107,-56.189489],
[-34.774473,-56.188481],
[-34.772569,-56.188202],
[-34.771582,-56.189575],
[-34.76878,-56.192601],
[-34.767634,-56.193867],
[-34.767211,-56.193845],
[-34.766629,-56.193438],
[-34.766444,-56.192579],
[-34.766504,-56.192279],
[-34.766281,-56.192064],
[-34.765265,-56.191893],
[-34.764422,-56.191506],
[-34.76346,-56.190648],
[-34.763198,-56.189135],
[-34.764277,-56.187535],
[-34.764214,-56.186013],
[-34.763884,-56.184704],
[-34.765427,-56.179929],
[-34.76288,-56.165798],
[-34.760781,-56.13522],
[-34.753461,-56.108723]