[-34.862799,-56.36879],
[-34.862764,-56.368253],
[-34.863169,-56.367416],
[-34.863697,-56.366923],
[-34.864137,-56.367073],
[-34.864454,-56.367652],
[-34.864578,-56.368039],
[-34.865035,-56.367996],
[-34.86544,-56.367674],
[-34.865299,-56.365807],
[-34.865387,-56.365507],
[-34.865828,-56.365142],
[-34.866144,-56.364412],
[-34.866074,-56.363661],
[-34.86581,-56.363447],
[-34.86537,-56.363232],
[-34.865387,-56.362481],
[-34.86544,-56.361816],
[-34.866056,-56.361258],
[-34.866408,-56.360443],
[-34.866567,-56.357889],
[-34.866092,-56.356924],
[-34.865757,-56.356366],
[-34.86588,-56.355936],
[-34.866268,-56.355336],
[-34.867095,-56.354477],
[-34.867412,-56.354606],
[-34.867623,-56.354499],
[-34.867975,-56.354821],
[-34.868292,-56.354971],
[-34.868539,-56.354756],
[-34.868574,-56.354198],
[-34.868592,-56.353598],
[-34.868662,-56.353104],
[-34.869102,-56.352632],
[-34.868979,-56.352482],
[-34.868574,-56.352589],
[-34.868134,-56.352761],
[-34.868151,-56.352375],
[-34.86875,-56.35231],
[-34.869032,-56.351988],
[-34.868979,-56.351774],
[-34.86824,-56.352074],
[-34.867676,-56.352224],
[-34.867095,-56.352289],
[-34.866849,-56.352138],
[-34.866356,-56.351752],
[-34.866285,-56.351152],
[-34.866743,-56.351109],
[-34.867342,-56.350658],
[-34.867535,-56.350315],
[-34.867834,-56.35025],
[-34.868011,-56.349585],
[-34.868019,-56.348501],
[-34.868178,-56.348276],
[-34.868363,-56.348373],
[-34.868583,-56.34848],
[-34.868952,-56.348544],
[-34.869393,-56.348126],
[-34.869498,-56.348029],
[-34.869727,-56.348029],
[-34.86985,-56.347901],
[-34.869745,-56.347203],
[-34.869921,-56.346989],
[-34.870334,-56.345819],
[-34.87037,-56.344993],
[-34.870317,-56.34421],
[-34.869833,-56.343352],
[-34.869789,-56.342912],
[-34.869921,-56.342568],
[-34.869938,-56.3423],
[-34.870035,-56.342086],
[-34.870158,-56.341549],
[-34.870132,-56.34112],
[-34.87037,-56.340423],
[-34.870757,-56.339929],
[-34.871092,-56.339994],
[-34.87169,-56.340101],
[-34.871919,-56.339994],
[-34.87162,-56.339264],
[-34.871796,-56.339006],
[-34.872588,-56.338964],
[-34.872799,-56.338642],
[-34.873134,-56.338084],
[-34.873098,-56.337569],
[-34.87331,-56.337354],
[-34.873732,-56.337204],
[-34.87382,-56.336796],
[-34.87338,-56.336496],
[-34.873257,-56.33641],
[-34.873362,-56.335895],
[-34.873714,-56.335273],
[-34.873186,-56.335058],
[-34.873662,-56.334994],
[-34.874542,-56.334543],
[-34.875299,-56.334479],
[-34.876038,-56.3342],
[-34.877165,-56.333728],
[-34.878397,-56.333342],
[-34.87882,-56.333084],
[-34.88051,-56.332354],
[-34.881108,-56.330466],
[-34.881777,-56.330338],
[-34.882058,-56.330681],
[-34.882692,-56.330123],
[-34.882763,-56.330638],
[-34.883291,-56.33111],
[-34.883643,-56.331925],
[-34.884065,-56.33244],
[-34.885156,-56.332998],
[-34.886213,-56.332955],
[-34.886846,-56.331968],
[-34.886881,-56.331282],
[-34.887762,-56.33081],
[-34.882974,-56.316862],
[-34.882058,-56.317205],
[-34.879242,-56.318493],
[-34.878432,-56.31845],
[-34.877552,-56.317935],
[-34.875968,-56.316819],
[-34.875475,-56.317935],
[-34.873503,-56.316733],
[-34.872588,-56.316991],
[-34.870968,-56.317248],
[-34.869736,-56.317077],
[-34.867975,-56.31712],
[-34.863046,-56.313386],
[-34.862553,-56.312828],
[-34.861919,-56.307592],
[-34.85227,-56.291027],
[-34.851354,-56.290255],
[-34.853186,-56.284933],
[-34.853608,-56.280727],
[-34.853115,-56.27738],
[-34.852552,-56.271715],
[-34.85234,-56.268969],
[-34.852692,-56.267166],
[-34.856003,-56.259012],
[-34.856285,-56.257467],
[-34.856355,-56.255922],
[-34.85448,-56.255525],
[-34.853353,-56.256083],
[-34.852895,-56.256706],
[-34.85286,-56.257564],
[-34.849901,-56.25825],
[-34.849171,-56.259098],
[-34.84645,-56.260868],
[-34.843773,-56.263572],
[-34.842716,-56.265653],
[-34.839617,-56.265632],
[-34.835954,-56.264259],
[-34.833699,-56.264087],
[-34.833171,-56.265417],
[-34.833259,-56.266662],
[-34.829895,-56.269752],
[-34.828812,-56.26914],
[-34.827764,-56.269623],
[-34.827218,-56.270782],
[-34.826161,-56.270696],
[-34.825668,-56.269408],
[-34.8255,-56.267595],
[-34.824928,-56.266748],
[-34.824611,-56.265889],
[-34.82521,-56.264945],
[-34.824892,-56.263314],
[-34.823906,-56.262628],
[-34.824091,-56.261587],
[-34.823554,-56.260654],
[-34.823237,-56.259238],
[-34.822567,-56.259109],
[-34.821519,-56.259742],
[-34.818728,-56.271104],
[-34.810139,-56.288967],
[-34.806034,-56.294396],
[-34.797418,-56.310639],
[-34.812253,-56.321497],
[-34.810139,-56.325617],
[-34.823598,-56.335487],
[-34.817749,-56.34686],
[-34.843465,-56.365614],
[-34.847515,-56.357374],
[-34.862799,-56.36879]