[-34.888254,-56.330767],
[-34.890366,-56.331711],
[-34.890789,-56.328793],
[-34.892408,-56.324673],
[-34.893957,-56.323471],
[-34.89459,-56.320639],
[-34.895928,-56.318922],
[-34.896421,-56.318665],
[-34.897899,-56.316948],
[-34.8998,-56.315403],
[-34.901912,-56.313686],
[-34.903319,-56.314974],
[-34.904375,-56.315489],
[-34.904586,-56.3136],
[-34.904586,-56.312056],
[-34.903249,-56.310511],
[-34.902334,-56.309137],
[-34.900926,-56.311283],
[-34.899237,-56.310596],
[-34.896914,-56.309566],
[-34.896421,-56.307163],
[-34.89621,-56.306305],
[-34.894942,-56.305018],
[-34.893253,-56.301584],
[-34.893464,-56.298065],
[-34.893112,-56.295748],
[-34.894661,-56.293087],
[-34.895787,-56.293087],
[-34.895294,-56.29077],
[-34.893605,-56.29034],
[-34.895083,-56.288624],
[-34.896139,-56.287766],
[-34.897758,-56.287422],
[-34.89811,-56.289139],
[-34.899237,-56.28931],
[-34.899237,-56.28768],
[-34.89987,-56.285448],
[-34.899307,-56.28459],
[-34.897829,-56.286135],
[-34.896914,-56.284933],
[-34.895858,-56.284504],
[-34.895365,-56.283131],
[-34.894379,-56.282959],
[-34.893957,-56.281929],
[-34.895154,-56.279697],
[-34.894661,-56.277809],
[-34.895787,-56.27738],
[-34.897477,-56.276865],
[-34.898744,-56.27738],
[-34.898814,-56.278324],
[-34.899448,-56.279182],
[-34.900504,-56.277466],
[-34.901489,-56.275835],
[-34.901278,-56.274462],
[-34.899518,-56.274462],
[-34.898181,-56.272745],
[-34.897899,-56.270599],
[-34.898603,-56.26914],
[-34.899448,-56.268196],
[-34.900363,-56.268969],
[-34.900996,-56.26811],
[-34.901912,-56.265106],
[-34.902123,-56.262789],
[-34.902827,-56.260471],
[-34.904586,-56.259527],
[-34.904657,-56.260729],
[-34.906135,-56.260386],
[-34.906276,-56.25824],
[-34.905502,-56.257381],
[-34.90522,-56.256609],
[-34.903531,-56.25721],
[-34.902968,-56.257982],
[-34.902123,-56.257296],
[-34.900785,-56.25824],
[-34.89987,-56.258841],
[-34.899096,-56.25721],
[-34.897758,-56.255493],
[-34.896491,-56.253605],
[-34.896069,-56.250515],
[-34.895998,-56.246223],
[-34.895224,-56.244335],
[-34.893534,-56.244593],
[-34.892901,-56.245279],
[-34.891704,-56.24485],
[-34.890085,-56.244678],
[-34.888888,-56.244764],
[-34.886213,-56.245108],
[-34.885086,-56.245194],
[-34.883326,-56.244249],
[-34.882129,-56.244678],
[-34.88227,-56.246052],
[-34.88058,-56.247339],
[-34.87896,-56.24794],
[-34.87713,-56.247168],
[-34.876496,-56.246309],
[-34.876637,-56.244678],
[-34.875862,-56.24382],
[-34.875889,-56.241771],
[-34.874313,-56.242447],
[-34.872975,-56.24382],
[-34.870959,-56.247693],
[-34.869903,-56.246921],
[-34.869269,-56.24529],
[-34.867579,-56.243917],
[-34.866382,-56.243144],
[-34.863847,-56.24323],
[-34.862861,-56.242543],
[-34.861945,-56.243917],
[-34.861452,-56.246835],
[-34.861945,-56.247693],
[-34.859058,-56.24632],
[-34.858354,-56.247436],
[-34.858072,-56.248637],
[-34.856593,-56.249582],
[-34.855924,-56.24941],
[-34.855783,-56.248294],
[-34.854902,-56.248637],
[-34.854973,-56.251556],
[-34.854761,-56.254935],
[-34.85448,-56.255525],
[-34.856355,-56.255922],
[-34.856496,-56.258411],
[-34.852129,-56.266737],
[-34.85234,-56.268969],
[-34.853608,-56.280727],
[-34.853186,-56.284933],
[-34.851354,-56.290255],
[-34.85227,-56.291027],
[-34.861919,-56.307592],
[-34.862553,-56.312828],
[-34.867975,-56.31712],
[-34.871496,-56.317205],
[-34.873503,-56.316733],
[-34.875475,-56.317935],
[-34.875968,-56.316819],
[-34.877552,-56.317935],
[-34.878432,-56.31845],
[-34.879242,-56.318493],
[-34.882974,-56.316862],
[-34.887762,-56.33081],
[-34.888254,-56.330767]