[-34.853872,-56.102049],
[-34.869912,-56.10898],
[-34.869947,-56.107864],
[-34.870933,-56.104774],
[-34.869595,-56.104217],
[-34.87044,-56.101813],
[-34.867201,-56.100483],
[-34.867588,-56.098809],
[-34.860334,-56.095805],
[-34.860862,-56.095118],
[-34.860933,-56.094432],
[-34.861461,-56.093488],
[-34.861496,-56.091471],
[-34.861109,-56.090913],
[-34.860968,-56.089926],
[-34.859841,-56.089582],
[-34.859348,-56.089711],
[-34.859207,-56.088338],
[-34.859313,-56.086621],
[-34.860334,-56.085849],
[-34.861461,-56.084647],
[-34.861848,-56.082201],
[-34.860898,-56.082029],
[-34.860827,-56.081085],
[-34.860405,-56.080055],
[-34.859841,-56.079111],
[-34.859243,-56.078939],
[-34.858169,-56.079111],
[-34.857147,-56.076665],
[-34.855616,-56.075957],
[-34.854753,-56.07482],
[-34.853837,-56.074176],
[-34.853608,-56.074562],
[-34.85227,-56.074305],
[-34.851002,-56.07379],
[-34.850157,-56.07276],
[-34.849805,-56.071558],
[-34.848537,-56.071043],
[-34.847621,-56.071215],
[-34.845649,-56.070871],
[-34.838287,-56.082416],
[-34.832968,-56.090097],
[-34.82617,-56.100182],
[-34.824408,-56.10177],
[-34.822277,-56.100698],
[-34.820498,-56.104174],
[-34.824584,-56.11207],
[-34.827262,-56.118422],
[-34.83058,-56.123531],
[-34.833884,-56.123357],
[-34.837847,-56.124344],
[-34.840366,-56.122198],
[-34.841704,-56.124601],
[-34.847533,-56.12634],
[-34.851478,-56.113594],
[-34.853855,-56.106062],
[-34.853872,-56.102049]