[-34.8703081, -56.1745119],
[-34.8712945, -56.1903154],
[-34.8720509, -56.2012053],
[-34.8744803, -56.2103033],
[-34.8746916, -56.2118482],
[-34.8755366, -56.2106466],
[-34.8803951, -56.2026643],
[-34.8839507, -56.1987376],
[-34.8844832, -56.1984425],
[-34.8877791, -56.1979758],
[-34.8884347, -56.1974394],
[-34.8891608, -56.1961304],
[-34.8897196, -56.1957335],
[-34.890384, -56.1956155],
[-34.8924565, -56.1954117],
[-34.8923641, -56.1928796],
[-34.8922365, -56.1912113],
[-34.8921639, -56.1903395],
[-34.8921089, -56.189382],
[-34.8918933, -56.1888671],
[-34.8923971, -56.1873597],
[-34.8924741, -56.1871452],
[-34.8923465, -56.1865819],
[-34.8921023, -56.1864182],
[-34.8916006, -56.1860936],
[-34.8914367, -56.1846291],
[-34.889878, -56.1852354],
[-34.8892818, -56.1854553],
[-34.8889407, -56.1862492],
[-34.8837043, -56.1835241],
[-34.8799022, -56.1814642],
[-34.8764211, -56.1796135],
[-34.8703081, -56.1745119]