[-34.8576666,-56.1966831],
[-34.8568699,-56.2028629],
[-34.8563889,-56.2030694],
[-34.8559784,-56.2037695],
[-34.8457234,-56.2224108],
[-34.850161,-56.2238699],
[-34.8531897,-56.2252432],
[-34.8555493,-56.2212199],
[-34.8587627,-56.2170358],
[-34.8619232,-56.2127119],
[-34.8629091,-56.2146003],
[-34.8643881,-56.2166602],
[-34.8655149,-56.2164027],
[-34.8665008,-56.2169177],
[-34.8678388,-56.217776],
[-34.8688247,-56.2187202],
[-34.8688247,-56.2199218],
[-34.8691768,-56.2209517],
[-34.8699162,-56.2196213],
[-34.8713598,-56.2173039],
[-34.872509,-56.216022],
[-34.873578,-56.2171752],
[-34.8741061,-56.2144286],
[-34.8748103,-56.2118536],
[-34.8747046,-56.2118107],
[-34.8745638,-56.2116819],
[-34.8743437,-56.2100082],
[-34.873842,-56.2083345],
[-34.8731907,-56.205824],
[-34.8720288,-56.2012965],
[-34.8712723,-56.1904066],
[-34.8704443,-56.1908734],
[-34.869388,-56.1915333],
[-34.8687543,-56.1917692],
[-34.8624866,-56.1934],
[-34.8604221,-56.1949129],
[-34.8579924,-56.1962539],
[-34.8576666,-56.1966831]