[-34.87683,-56.151102],
[-34.877922,-56.153033],
[-34.879541,-56.155264],
[-34.881266,-56.157968],
[-34.883344,-56.160586],
[-34.885984,-56.163633],
[-34.886688,-56.163976],
[-34.889539,-56.165564],
[-34.892813,-56.165092],
[-34.897213,-56.164706],
[-34.897882,-56.164577],
[-34.898586,-56.164448],
[-34.902422,-56.164062],
[-34.90302,-56.161401],
[-34.903161,-56.159728],
[-34.903267,-56.158526],
[-34.903267,-56.155994],
[-34.903232,-56.151445],
[-34.903126,-56.149084],
[-34.903126,-56.147625],
[-34.902985,-56.14608],
[-34.902844,-56.145008],
[-34.901401,-56.138484],
[-34.901155,-56.137712],
[-34.900451,-56.137712],
[-34.899958,-56.137412],
[-34.898973,-56.136682],
[-34.89591,-56.134708],
[-34.891405,-56.131532],
[-34.87683,-56.151102]