[-34.901401,-56.138484],
[-34.901137,-56.138678],
[-34.901384,-56.139107],
[-34.90163,-56.140051],
[-34.902088,-56.14151],
[-34.902721,-56.144557],
[-34.902932,-56.146402],
[-34.902932,-56.147947],
[-34.903108,-56.150222],
[-34.903108,-56.153612],
[-34.903108,-56.156273],
[-34.903161,-56.159728],
[-34.902721,-56.162281],
[-34.902158,-56.163955],
[-34.902422,-56.164062],
[-34.904375,-56.163998],
[-34.905678,-56.163697],
[-34.905994,-56.163654],
[-34.907824,-56.163483],
[-34.909654,-56.163397],
[-34.915074,-56.16271],
[-34.919121,-56.162281],
[-34.924399,-56.161723],
[-34.928516,-56.161251],
[-34.929114,-56.161122],
[-34.929044,-56.160564],
[-34.928868,-56.160049],
[-34.927636,-56.158504],
[-34.926264,-56.156874],
[-34.924962,-56.154857],
[-34.921971,-56.150823],
[-34.920704,-56.148977],
[-34.919226,-56.148634],
[-34.918452,-56.148891],
[-34.917115,-56.148977],
[-34.915461,-56.148934],
[-34.914757,-56.148634],
[-34.913772,-56.147819],
[-34.911449,-56.145201],
[-34.909584,-56.142755],
[-34.909443,-56.142111],
[-34.909654,-56.14048],
[-34.910288,-56.138163],
[-34.910218,-56.136704],
[-34.909866,-56.13533],
[-34.905783,-56.136789],
[-34.904446,-56.13739],
[-34.901401,-56.138484]