[-34.844522,-56.153956],
[-34.846494,-56.155543],
[-34.853256,-56.144471],
[-34.8564076,-56.14401],
[-34.858855,-56.143613],
[-34.8619276,-56.1401371],
[-34.8657965,-56.1352792],
[-34.8659468,-56.1341253],
[-34.86713,-56.134386],
[-34.873362,-56.125588],
[-34.872341,-56.121426],
[-34.871602,-56.11722],
[-34.87118,-56.115847],
[-34.87051,-56.113186],
[-34.869912,-56.10898],
[-34.853872,-56.102049],
[-34.853855,-56.106062],
[-34.847533,-56.12634],
[-34.841704,-56.124601],
[-34.840366,-56.122198],
[-34.837847,-56.124344],
[-34.833884,-56.123357],
[-34.83058,-56.123531],
[-34.832968,-56.144342],
[-34.844522,-56.153956]