[-34.838217,-56.169963],
[-34.84262,-56.172666],
[-34.843782,-56.167173],
[-34.844275,-56.164641],
[-34.845614,-56.159363],
[-34.84741,-56.156273],
[-34.844522,-56.153956],
[-34.836808,-56.147561],
[-34.832968,-56.144342],
[-34.828882,-56.140823],
[-34.825993,-56.140995],
[-34.822541,-56.140394],
[-34.82092,-56.139965],
[-34.805065,-56.136446],
[-34.79844,-56.13636],
[-34.790898,-56.135931],
[-34.785611,-56.135759],
[-34.783003,-56.135674],
[-34.781029,-56.13636],
[-34.774191,-56.129236],
[-34.767916,-56.122799],
[-34.762628,-56.117392],
[-34.757551,-56.112328],
[-34.753461,-56.108723],
[-34.760781,-56.13522],
[-34.761752,-56.147472],
[-34.762634,-56.159789],
[-34.76288,-56.165798],
[-34.765427,-56.179929],
[-34.763884,-56.184704],
[-34.7641,-56.185125],
[-34.764214,-56.185707],
[-34.764338,-56.186678],
[-34.764277,-56.187535],
[-34.763951,-56.188049],
[-34.763618,-56.18854],
[-34.763198,-56.189135],
[-34.763213,-56.189908],
[-34.76346,-56.190648],
[-34.76386,-56.190948],
[-34.764422,-56.191506],
[-34.765265,-56.191893],
[-34.766281,-56.192064],
[-34.766504,-56.192279],
[-34.766444,-56.192579],
[-34.766629,-56.193438],
[-34.767211,-56.193845],
[-34.767634,-56.193867],
[-34.770172,-56.19112],
[-34.771582,-56.189575],
[-34.772569,-56.188202],
[-34.774473,-56.188481],
[-34.775107,-56.189489],
[-34.775883,-56.189833],
[-34.776235,-56.190691],
[-34.77835,-56.191206],
[-34.77976,-56.190948],
[-34.781664,-56.191464],
[-34.783285,-56.190519],
[-34.785188,-56.190863],
[-34.786105,-56.191549],
[-34.787656,-56.190434],
[-34.788431,-56.191549],
[-34.790475,-56.191464],
[-34.790898,-56.190262],
[-34.792237,-56.189661],
[-34.792872,-56.188631],
[-34.794493,-56.187258],
[-34.795057,-56.185713],
[-34.796607,-56.185112],
[-34.798017,-56.185112],
[-34.798792,-56.185713],
[-34.799638,-56.186056],
[-34.800907,-56.186914],
[-34.80281,-56.185455],
[-34.803655,-56.183996],
[-34.804572,-56.184597],
[-34.805699,-56.18288],
[-34.806615,-56.183395],
[-34.808377,-56.185713],
[-34.809223,-56.18537],
[-34.809716,-56.183739],
[-34.811478,-56.183824],
[-34.811901,-56.184425],
[-34.812676,-56.185799],
[-34.813944,-56.185541],
[-34.815988,-56.185799],
[-34.817327,-56.187086],
[-34.819229,-56.187773],
[-34.820427,-56.187601],
[-34.821625,-56.187773],
[-34.822532,-56.186614],
[-34.823122,-56.185412],
[-34.824302,-56.18537],
[-34.825077,-56.185112],
[-34.825544,-56.185327],
[-34.826909,-56.184683],
[-34.827332,-56.184061],
[-34.827473,-56.18331],
[-34.828988,-56.182451],
[-34.829983,-56.182033],
[-34.83045,-56.182473],
[-34.831137,-56.182451],
[-34.833268,-56.183481],
[-34.835135,-56.182172],
[-34.836843,-56.181335],
[-34.836064,-56.173654],
[-34.838534,-56.173278],
[-34.838217,-56.169963]