[-34.820498,-56.104517],
[-34.822277,-56.101041],
[-34.824408,-56.102114],
[-34.826487,-56.099882],
[-34.832968,-56.090097],
[-34.845649,-56.070871],
[-34.844522,-56.06967],
[-34.844381,-56.068296],
[-34.8454731,-56.0619448],
[-34.847551,-56.05422],
[-34.831278,-56.054993],
[-34.826134,-56.05525],
[-34.822259,-56.052589],
[-34.820779,-56.052332],
[-34.81627,-56.053276],
[-34.812817,-56.050787],
[-34.810209,-56.049671],
[-34.807109,-56.047354],
[-34.805629,-56.044865],
[-34.80591,-56.043406],
[-34.805629,-56.041603],
[-34.805347,-56.040487],
[-34.80443,-56.040659],
[-34.803655,-56.041861],
[-34.802669,-56.041775],
[-34.802175,-56.041088],
[-34.80133,-56.040573],
[-34.800343,-56.041775],
[-34.799145,-56.042204],
[-34.798017,-56.041775],
[-34.797383,-56.040831],
[-34.797242,-56.038942],
[-34.795762,-56.0392],
[-34.796396,-56.041431],
[-34.795832,-56.041946],
[-34.795198,-56.041174],
[-34.793718,-56.041689],
[-34.792519,-56.043406],
[-34.791391,-56.042719],
[-34.790828,-56.041775],
[-34.79125,-56.039543],
[-34.790123,-56.040573],
[-34.789418,-56.040573],
[-34.789136,-56.039286],
[-34.788078,-56.0392],
[-34.78681,-56.037569],
[-34.784906,-56.037655],
[-34.78399,-56.037312],
[-34.783778,-56.035337],
[-34.784483,-56.033707],
[-34.784131,-56.032505],
[-34.782792,-56.033278],
[-34.781946,-56.033535],
[-34.782157,-56.031561],
[-34.780959,-56.029587],
[-34.780465,-56.030016],
[-34.77969,-56.029329],
[-34.778844,-56.02993],
[-34.777152,-56.029415],
[-34.777222,-56.030788],
[-34.776588,-56.031732],
[-34.776306,-56.030874],
[-34.775742,-56.030703],
[-34.774684,-56.032162],
[-34.774261,-56.033449],
[-34.772992,-56.033878],
[-34.770807,-56.034222],
[-34.768692,-56.035509],
[-34.768198,-56.036711],
[-34.767281,-56.037483],
[-34.766083,-56.03714],
[-34.76573,-56.038599],
[-34.76432,-56.038513],
[-34.763333,-56.040659],
[-34.763121,-56.04332],
[-34.76291,-56.045208],
[-34.760724,-56.045895],
[-34.760512,-56.047096],
[-34.761217,-56.04847],
[-34.761217,-56.049843],
[-34.76157,-56.050873],
[-34.761147,-56.051559],
[-34.761288,-56.052332],
[-34.760865,-56.053877],
[-34.760794,-56.054993],
[-34.76157,-56.055164],
[-34.763051,-56.056538],
[-34.764884,-56.056623],
[-34.767352,-56.058769],
[-34.768409,-56.058769],
[-34.769538,-56.059112],
[-34.769396,-56.060829],
[-34.769044,-56.06349],
[-34.767986,-56.064091],
[-34.767916,-56.064949],
[-34.766576,-56.065292],
[-34.766012,-56.066752],
[-34.766788,-56.067352],
[-34.767986,-56.067953],
[-34.768057,-56.069584],
[-34.768903,-56.06967],
[-34.769608,-56.069155],
[-34.770595,-56.07027],
[-34.771512,-56.069927],
[-34.772569,-56.070528],
[-34.772851,-56.072073],
[-34.772076,-56.073875],
[-34.771935,-56.075935],
[-34.773979,-56.076364],
[-34.775601,-56.079626],
[-34.77687,-56.083488],
[-34.777927,-56.082716],
[-34.77835,-56.083488],
[-34.777998,-56.085119],
[-34.778914,-56.086664],
[-34.779196,-56.088381],
[-34.780465,-56.089582],
[-34.779267,-56.092501],
[-34.777927,-56.093359],
[-34.77694,-56.093531],
[-34.775601,-56.09499],
[-34.776517,-56.09602],
[-34.775883,-56.098509],
[-34.774543,-56.099024],
[-34.77271,-56.098251],
[-34.771723,-56.099453],
[-34.770595,-56.098509],
[-34.769961,-56.09971],
[-34.768974,-56.100397],
[-34.767986,-56.097479],
[-34.766576,-56.097565],
[-34.766153,-56.09662],
[-34.765096,-56.096106],
[-34.76432,-56.095161],
[-34.763192,-56.095333],
[-34.762134,-56.096191],
[-34.761711,-56.094217],
[-34.760618,-56.093659],
[-34.758996,-56.094088],
[-34.758362,-56.094389],
[-34.75815,-56.095462],
[-34.758185,-56.096277],
[-34.757374,-56.097436],
[-34.75674,-56.09838],
[-34.75607,-56.09971],
[-34.75547,-56.100268],
[-34.754236,-56.099753],
[-34.75332,-56.100054],
[-34.752861,-56.100955],
[-34.750287,-56.104431],
[-34.751239,-56.10589],
[-34.753461,-56.109066],
[-34.757022,-56.112199],
[-34.772322,-56.127648],
[-34.781029,-56.136704],
[-34.782756,-56.135931],
[-34.795656,-56.136575],
[-34.805065,-56.136789],
[-34.821202,-56.140394],
[-34.825782,-56.141338],
[-34.828882,-56.141167],
[-34.832968,-56.144686],
[-34.83058,-56.123874],
[-34.830441,-56.123641],
[-34.827262,-56.118765],
[-34.824584,-56.112413],
[-34.820498,-56.104517]