[-34.872509,-56.216022],
[-34.871804,-56.216794],
[-34.870748,-56.218082],
[-34.869903,-56.219455],
[-34.869058,-56.221086],
[-34.868917,-56.21997],
[-34.868636,-56.218425],
[-34.86779,-56.217481],
[-34.866734,-56.216794],
[-34.86596,-56.216108],
[-34.864974,-56.216622],
[-34.864199,-56.216108],
[-34.863142,-56.214992],
[-34.86265,-56.213447],
[-34.862016,-56.212417],
[-34.86103,-56.213876],
[-34.859058,-56.216537],
[-34.857367,-56.218682],
[-34.855607,-56.220914],
[-34.854409,-56.223146],
[-34.853353,-56.224948],
[-34.852296,-56.224176],
[-34.850183,-56.223489],
[-34.848352,-56.223146],
[-34.846309,-56.222287],
[-34.84328,-56.221515],
[-34.840674,-56.221429],
[-34.837433,-56.221515],
[-34.833418,-56.221214],
[-34.831269,-56.2207],
[-34.828591,-56.220184],
[-34.826583,-56.219712],
[-34.823976,-56.219712],
[-34.812526,-56.220485],
[-34.80939,-56.225592],
[-34.809465,-56.226144],
[-34.809249,-56.227051],
[-34.808791,-56.229411],
[-34.808404,-56.230956],
[-34.808333,-56.231815],
[-34.808157,-56.232587],
[-34.807875,-56.233574],
[-34.807628,-56.235076],
[-34.807135,-56.235677],
[-34.806774,-56.23734],
[-34.807153,-56.237265],
[-34.807276,-56.237479],
[-34.80791,-56.238681],
[-34.808967,-56.239196],
[-34.810095,-56.240054],
[-34.811152,-56.240398],
[-34.81235,-56.240655],
[-34.813222,-56.240773],
[-34.813918,-56.240548],
[-34.814411,-56.240838],
[-34.814693,-56.241127],
[-34.816851,-56.241825],
[-34.817397,-56.242769],
[-34.81848,-56.244002],
[-34.818573,-56.244861],
[-34.818084,-56.24544],
[-34.817882,-56.246427],
[-34.816648,-56.247951],
[-34.816578,-56.250097],
[-34.817917,-56.253101],
[-34.817054,-56.256555],
[-34.81752,-56.257124],
[-34.819467,-56.257564],
[-34.820524,-56.258551],
[-34.821519,-56.259742],
[-34.822567,-56.259109],
[-34.823237,-56.259238],
[-34.823554,-56.260654],
[-34.823906,-56.260997],
[-34.823906,-56.262628],
[-34.824223,-56.262971],
[-34.824892,-56.263314],
[-34.825104,-56.264259],
[-34.82521,-56.264945],
[-34.82484,-56.265203],
[-34.824611,-56.265889],
[-34.824928,-56.266748],
[-34.825315,-56.267005],
[-34.825668,-56.269408],
[-34.826161,-56.270696],
[-34.827218,-56.270782],
[-34.827764,-56.269623],
[-34.82838,-56.269065],
[-34.829895,-56.269752],
[-34.831515,-56.26855],
[-34.832783,-56.267134],
[-34.833259,-56.266662],
[-34.833171,-56.265417],
[-34.833699,-56.264087],
[-34.835954,-56.264259],
[-34.839617,-56.265632],
[-34.84173,-56.265718],
[-34.842716,-56.265653],
[-34.843139,-56.264774],
[-34.843773,-56.263572],
[-34.84483,-56.262542],
[-34.84645,-56.260868],
[-34.848563,-56.259452],
[-34.849901,-56.25825],
[-34.85286,-56.257564],
[-34.852895,-56.256706],
[-34.853353,-56.256083],
[-34.85374,-56.256062],
[-34.85448,-56.255525],
[-34.854761,-56.254935],
[-34.854621,-56.254259],
[-34.854973,-56.251556],
[-34.854902,-56.248637],
[-34.855783,-56.248294],
[-34.856117,-56.248316],
[-34.8561,-56.248637],
[-34.855924,-56.24941],
[-34.856593,-56.249582],
[-34.858072,-56.248637],
[-34.858354,-56.247436],
[-34.858459,-56.246792],
[-34.859058,-56.24632],
[-34.861945,-56.247693],
[-34.861452,-56.246835],
[-34.861945,-56.243917],
[-34.862861,-56.242543],
[-34.863847,-56.24323],
[-34.866382,-56.243144],
[-34.867579,-56.243917],
[-34.869269,-56.24529],
[-34.869903,-56.246921],
[-34.870959,-56.247693],
[-34.872297,-56.244775],
[-34.873494,-56.242801],
[-34.874762,-56.241857],
[-34.875889,-56.241771],
[-34.872438,-56.228639],
[-34.873635,-56.217309],
[-34.872509,-56.216022]