[-34.817027,-56.408894],
[-34.817045,-56.409227],
[-34.817018,-56.409484],
[-34.81701,-56.409699],
[-34.816957,-56.409892],
[-34.817036,-56.410031],
[-34.817194,-56.410257],
[-34.817247,-56.410493],
[-34.817221,-56.410761],
[-34.817186,-56.411072],
[-34.817239,-56.411254],
[-34.817371,-56.411394],
[-34.817309,-56.411737],
[-34.817203,-56.41193],
[-34.817353,-56.412038],
[-34.817476,-56.412231],
[-34.817441,-56.412435],
[-34.817459,-56.412778],
[-34.817529,-56.413068],
[-34.817802,-56.412971],
[-34.817899,-56.413636],
[-34.81804,-56.413636],
[-34.818172,-56.41369],
[-34.818533,-56.413668],
[-34.818798,-56.413862],
[-34.818894,-56.414205],
[-34.818956,-56.414537],
[-34.819326,-56.414752],
[-34.819352,-56.415256],
[-34.819124,-56.415642],
[-34.819264,-56.415825],
[-34.819617,-56.41604],
[-34.82004,-56.416125],
[-34.819793,-56.416726],
[-34.82004,-56.417198],
[-34.82085,-56.417026],
[-34.821202,-56.417456],
[-34.821836,-56.41737],
[-34.822365,-56.418014],
[-34.822048,-56.418185],
[-34.822611,-56.418657],
[-34.822541,-56.419086],
[-34.822365,-56.419558],
[-34.822189,-56.420116],
[-34.822365,-56.420674],
[-34.822576,-56.421404],
[-34.822823,-56.422005],
[-34.823281,-56.422262],
[-34.823633,-56.422906],
[-34.824267,-56.423807],
[-34.824866,-56.42415],
[-34.825077,-56.424666],
[-34.825571,-56.425223],
[-34.826029,-56.425695],
[-34.826909,-56.426511],
[-34.827156,-56.427154],
[-34.82705,-56.427755],
[-34.827226,-56.42827],
[-34.827543,-56.429214],
[-34.827438,-56.430202],
[-34.827684,-56.430759],
[-34.828072,-56.431103],
[-34.828495,-56.430888],
[-34.829023,-56.430845],
[-34.829657,-56.43106],
[-34.830115,-56.430974],
[-34.830784,-56.430588],
[-34.830749,-56.429386],
[-34.83089,-56.429],
[-34.831595,-56.429558],
[-34.831982,-56.429386],
[-34.832546,-56.429257],
[-34.833109,-56.429129],
[-34.833743,-56.428785],
[-34.834131,-56.429172],
[-34.83473,-56.429129],
[-34.834976,-56.427798],
[-34.835293,-56.426897],
[-34.835293,-56.425824],
[-34.836139,-56.426039],
[-34.837301,-56.425052],
[-34.837865,-56.424322],
[-34.837935,-56.423292],
[-34.837865,-56.422219],
[-34.837935,-56.421361],
[-34.838217,-56.420202],
[-34.838957,-56.419945],
[-34.83945,-56.419215],
[-34.839767,-56.418572],
[-34.839978,-56.417241],
[-34.839943,-56.41604],
[-34.839696,-56.414838],
[-34.839908,-56.414323],
[-34.839555,-56.413379],
[-34.839732,-56.412649],
[-34.840119,-56.412392],
[-34.840542,-56.412091],
[-34.840542,-56.411619],
[-34.840929,-56.411233],
[-34.841352,-56.411233],
[-34.84114,-56.41046],
[-34.841387,-56.408744],
[-34.842091,-56.406469],
[-34.842056,-56.404967],
[-34.841986,-56.404324],
[-34.84195,-56.40368],
[-34.842021,-56.402907],
[-34.841915,-56.40235],
[-34.842197,-56.401834],
[-34.842091,-56.401448],
[-34.842408,-56.400247],
[-34.842831,-56.39986],
[-34.843395,-56.39956],
[-34.844064,-56.399431],
[-34.843676,-56.397629],
[-34.843571,-56.396513],
[-34.843712,-56.39514],
[-34.844099,-56.393852],
[-34.844557,-56.393552],
[-34.844874,-56.392908],
[-34.844874,-56.392222],
[-34.845226,-56.391063],
[-34.845508,-56.38999],
[-34.846036,-56.38926],
[-34.84667,-56.389132],
[-34.847128,-56.389217],
[-34.847269,-56.389561],
[-34.847656,-56.389389],
[-34.848607,-56.389089],
[-34.849558,-56.388917],
[-34.850122,-56.388445],
[-34.850333,-56.387587],
[-34.85065,-56.386857],
[-34.851108,-56.38617],
[-34.851566,-56.385956],
[-34.851706,-56.385484],
[-34.851706,-56.384926],
[-34.851953,-56.384282],
[-34.851918,-56.383596],
[-34.851601,-56.383166],
[-34.851636,-56.382351],
[-34.851847,-56.38145],
[-34.852481,-56.38072],
[-34.853221,-56.380463],
[-34.85396,-56.380892],
[-34.854982,-56.381192],
[-34.855897,-56.381278],
[-34.856848,-56.380763],
[-34.857482,-56.379991],
[-34.857904,-56.379347],
[-34.857869,-56.378446],
[-34.857623,-56.377544],
[-34.857904,-56.376557],
[-34.858398,-56.375914],
[-34.859207,-56.375742],
[-34.859489,-56.376557],
[-34.860158,-56.377072],
[-34.860616,-56.376858],
[-34.860757,-56.376214],
[-34.86125,-56.375914],
[-34.86132,-56.375184],
[-34.861813,-56.37497],
[-34.862271,-56.374412],
[-34.862271,-56.373596],
[-34.862201,-56.372008],
[-34.862482,-56.369948],
[-34.862799,-56.36879],
[-34.847515,-56.357374],
[-34.843465,-56.365614],
[-34.829868,-56.355615],
[-34.817749,-56.34686],
[-34.823598,-56.335487],
[-34.810139,-56.325617],
[-34.812253,-56.321497],
[-34.808835,-56.318879],
[-34.80073,-56.312914],
[-34.797418,-56.310639],
[-34.795902,-56.308365],
[-34.795621,-56.309738],
[-34.795198,-56.311498],
[-34.794352,-56.313043],
[-34.792907,-56.314287],
[-34.791074,-56.315703],
[-34.788114,-56.31742],
[-34.785224,-56.319137],
[-34.783884,-56.320038],
[-34.783391,-56.321068],
[-34.783003,-56.323128],
[-34.782439,-56.326475],
[-34.781875,-56.33008],
[-34.781699,-56.332354],
[-34.783356,-56.339908],
[-34.784413,-56.3448],
[-34.784554,-56.345873],
[-34.784237,-56.346774],
[-34.78406,-56.348019],
[-34.783955,-56.349778],
[-34.784201,-56.351109],
[-34.784695,-56.351709],
[-34.785188,-56.349821],
[-34.785576,-56.348104],
[-34.786122,-56.347128],
[-34.786422,-56.34613],
[-34.78651,-56.345937],
[-34.78688,-56.346259],
[-34.787312,-56.347268],
[-34.78725,-56.347783],
[-34.786933,-56.347965],
[-34.786528,-56.348276],
[-34.786228,-56.34863],
[-34.785928,-56.350508],
[-34.785717,-56.352911],
[-34.785506,-56.354027],
[-34.785294,-56.354585],
[-34.786598,-56.355529],
[-34.787409,-56.356001],
[-34.788211,-56.356087],
[-34.788475,-56.355808],
[-34.789008,-56.35495],
[-34.789524,-56.354713],
[-34.790616,-56.35467],
[-34.791391,-56.354756],
[-34.791779,-56.355743],
[-34.792026,-56.35673],
[-34.792519,-56.357288],
[-34.793154,-56.357889],
[-34.793436,-56.357589],
[-34.79333,-56.35643],
[-34.793964,-56.356688],
[-34.79481,-56.356559],
[-34.796502,-56.356645],
[-34.797629,-56.357074],
[-34.798158,-56.358104],
[-34.798264,-56.359134],
[-34.79851,-56.360035],
[-34.79918,-56.360936],
[-34.799356,-56.362438],
[-34.799462,-56.366301],
[-34.799462,-56.371493],
[-34.799286,-56.374583],
[-34.799286,-56.375828],
[-34.798792,-56.3766],
[-34.797911,-56.377287],
[-34.797488,-56.378317],
[-34.7977,-56.378789],
[-34.798123,-56.379733],
[-34.798334,-56.382222],
[-34.798052,-56.384582],
[-34.797841,-56.385398],
[-34.798052,-56.386085],
[-34.797841,-56.386557],
[-34.798123,-56.3869],
[-34.797841,-56.387458],
[-34.797946,-56.388359],
[-34.79844,-56.389818],
[-34.798722,-56.389132],
[-34.799215,-56.388831],
[-34.798968,-56.388316],
[-34.800308,-56.388788],
[-34.800801,-56.388574],
[-34.801506,-56.390119],
[-34.80207,-56.390977],
[-34.801752,-56.39102],
[-34.801929,-56.391749],
[-34.802352,-56.391706],
[-34.802563,-56.392222],
[-34.803303,-56.393509],
[-34.80429,-56.394539],
[-34.804677,-56.395483],
[-34.80443,-56.396041],
[-34.804853,-56.396298],
[-34.805417,-56.397886],
[-34.805558,-56.400976],
[-34.806016,-56.400762],
[-34.806827,-56.402693],
[-34.806827,-56.403294],
[-34.807672,-56.40368],
[-34.80799,-56.404195],
[-34.80799,-56.405396],
[-34.808271,-56.40574],
[-34.808659,-56.404624],
[-34.81028,-56.404366],
[-34.810738,-56.405654],
[-34.811126,-56.405482],
[-34.811689,-56.406813],
[-34.812782,-56.406534],
[-34.813451,-56.407092],
[-34.813997,-56.407006],
[-34.814208,-56.407414],
[-34.814702,-56.406813],
[-34.814526,-56.407499],
[-34.814702,-56.407886],
[-34.814878,-56.408186],
[-34.815001,-56.408422],
[-34.81516,-56.408079],
[-34.815336,-56.408014],
[-34.815618,-56.408851],
[-34.81597,-56.408744],
[-34.816164,-56.408937],
[-34.816481,-56.408937],
[-34.816763,-56.40913],
[-34.817027,-56.408894]