[-34.784554,-56.345873],
[-34.781699,-56.332354],
[-34.782439,-56.326475],
[-34.782369,-56.325188],
[-34.783884,-56.320038],
[-34.793929,-56.314201],
[-34.795902,-56.308365],
[-34.797418,-56.310639],
[-34.806034,-56.294396],
[-34.807461,-56.2924],
[-34.809632,-56.289352],
[-34.811522,-56.285616],
[-34.818728,-56.271104],
[-34.821519,-56.259742],
[-34.820524,-56.258551],
[-34.819467,-56.257564],
[-34.81752,-56.257124],
[-34.817054,-56.256555],
[-34.817917,-56.253101],
[-34.816543,-56.250397],
[-34.816648,-56.247951],
[-34.817882,-56.246427],
[-34.818084,-56.24544],
[-34.818573,-56.244861],
[-34.81848,-56.244002],
[-34.816851,-56.241825],
[-34.814693,-56.241127],
[-34.813918,-56.240548],
[-34.812623,-56.240752],
[-34.811152,-56.240398],
[-34.81035,-56.240215],
[-34.809857,-56.239443],
[-34.808976,-56.239507],
[-34.80791,-56.238681],
[-34.807153,-56.237265],
[-34.804783,-56.238155],
[-34.803444,-56.237726],
[-34.802246,-56.23867],
[-34.801259,-56.238413],
[-34.79851,-56.239872],
[-34.7974,-56.239035],
[-34.795973,-56.238756],
[-34.794154,-56.237968],
[-34.792694,-56.238136],
[-34.792018,-56.237297],
[-34.79175,-56.238315],
[-34.791834,-56.239247],
[-34.792614,-56.240733],
[-34.792717,-56.241455],
[-34.792627,-56.242112],
[-34.79229,-56.242726],
[-34.782827,-56.252618],
[-34.783003,-56.246567],
[-34.779656,-56.234164],
[-34.773979,-56.220732],
[-34.763403,-56.213865],
[-34.750076,-56.214294],
[-34.756739,-56.219293],
[-34.760098,-56.21917],
[-34.76361,-56.220824],
[-34.765571,-56.221106],
[-34.769608,-56.230817],
[-34.768008,-56.233902],
[-34.764999,-56.235613],
[-34.760671,-56.244872],
[-34.760406,-56.244249],
[-34.759842,-56.244142],
[-34.759014,-56.244056],
[-34.75748,-56.243627],
[-34.756493,-56.243434],
[-34.755488,-56.243198],
[-34.752791,-56.2425],
[-34.752262,-56.242458],
[-34.750825,-56.242071],
[-34.744733,-56.240526],
[-34.742618,-56.240012],
[-34.74111,-56.239614],
[-34.739638,-56.239293],
[-34.739214,-56.240215],
[-34.739356,-56.24176],
[-34.722426,-56.245194],
[-34.723828,-56.24735],
[-34.724322,-56.249721],
[-34.726676,-56.255064],
[-34.728352,-56.257424],
[-34.72911,-56.260064],
[-34.729851,-56.26178],
[-34.730186,-56.264849],
[-34.730398,-56.265964],
[-34.729921,-56.26766],
[-34.728317,-56.269162],
[-34.726112,-56.270449],
[-34.722426,-56.273088],
[-34.717911,-56.276522],
[-34.716006,-56.278839],
[-34.713466,-56.283646],
[-34.711209,-56.287165],
[-34.705634,-56.285534],
[-34.698719,-56.289825],
[-34.691945,-56.302185],
[-34.689475,-56.308022],
[-34.690251,-56.309652],
[-34.692933,-56.315532],
[-34.693497,-56.319265],
[-34.695826,-56.322012],
[-34.698296,-56.323128],
[-34.699848,-56.324673],
[-34.701824,-56.324844],
[-34.702636,-56.325231],
[-34.704188,-56.32699],
[-34.704894,-56.327505],
[-34.707328,-56.328578],
[-34.710997,-56.330681],
[-34.712232,-56.332827],
[-34.713749,-56.334801],
[-34.715442,-56.336045],
[-34.715618,-56.337161],
[-34.714489,-56.338448],
[-34.713678,-56.339607],
[-34.712831,-56.340895],
[-34.713184,-56.342483],
[-34.7159,-56.343727],
[-34.717417,-56.344757],
[-34.718828,-56.346474],
[-34.720063,-56.34686],
[-34.721721,-56.347675],
[-34.722814,-56.350379],
[-34.724454,-56.352117],
[-34.726165,-56.353115],
[-34.727929,-56.351967],
[-34.730292,-56.349456],
[-34.730944,-56.348823],
[-34.731314,-56.348416],
[-34.731508,-56.34774],
[-34.731473,-56.346699],
[-34.731253,-56.346313],
[-34.731209,-56.34583],
[-34.731403,-56.345336],
[-34.731764,-56.34494],
[-34.732355,-56.34495],
[-34.734489,-56.344757],
[-34.736323,-56.344843],
[-34.737381,-56.344414],
[-34.740625,-56.338749],
[-34.741683,-56.33832],
[-34.743023,-56.339607],
[-34.744081,-56.340208],
[-34.745421,-56.340036],
[-34.746761,-56.338577],
[-34.752826,-56.338234],
[-34.75466,-56.33935],
[-34.757903,-56.341925],
[-34.75889,-56.343384],
[-34.759666,-56.345358],
[-34.763897,-56.345272],
[-34.768903,-56.34304],
[-34.771441,-56.342526],
[-34.776165,-56.34244],
[-34.779055,-56.343899],
[-34.782369,-56.347504],
[-34.783214,-56.347761],
[-34.784554,-56.345873]