[-34.8918933, -56.1888671],
[-34.8921089, -56.189382],
[-34.8923531, -56.1927643],
[-34.8924565, -56.1954117],
[-34.8981983, -56.1947787],
[-34.8989287, -56.1951542],
[-34.900231, -56.198802],
[-34.9063198, -56.1980724],
[-34.9059679, -56.192193],
[-34.9055455, -56.185112],
[-34.9015332, -56.1748552],
[-34.8999142, -56.1762285],
[-34.8957256, -56.1817646],
[-34.8953384, -56.18258],
[-34.8950216, -56.1832023],
[-34.893464, -56.1845219],
[-34.8916006, -56.1860936],
[-34.8923465, -56.1865819],
[-34.8924741, -56.1871452],
[-34.8918933, -56.1888671]