[-34.8978628, -56.1647862],
[-34.8977935, -56.1656499],
[-34.8989717, -56.1683587],
[-34.900362, -56.1720172],
[-34.9015596, -56.1748552],
[-34.9033019, -56.1795008],
[-34.9055367, -56.1782455],
[-34.9062841, -56.1785111],
[-34.9067323, -56.1784762],
[-34.9145098, -56.1776179],
[-34.9143339, -56.1706656],
[-34.916023, -56.1692924],
[-34.918064, -56.1693782],
[-34.9189086, -56.170494],
[-34.9198235, -56.1710948],
[-34.9222866, -56.171009],
[-34.9233423, -56.1707515],
[-34.9246794, -56.171524],
[-34.9251016, -56.1672324],
[-34.9264387, -56.1646575],
[-34.9280572, -56.1625976],
[-34.9292535, -56.1610526],
[-34.9191901, -56.1623401],
[-34.9110962, -56.1631984],
[-34.8978628, -56.1647862]