[-34.812324,-56.220818],
[-34.818595,-56.220131],
[-34.82543,-56.219702],
[-34.827473,-56.219959],
[-34.830996,-56.220818],
[-34.834589,-56.221504],
[-34.837688,-56.221676],
[-34.843465,-56.221676],
[-34.844592,-56.222277],
[-34.845649,-56.222277],
[-34.850157,-56.214123],
[-34.853168,-56.208372],
[-34.853608,-56.207836],
[-34.854066,-56.207149],
[-34.855492,-56.204553],
[-34.855897,-56.203823],
[-34.856144,-56.20348],
[-34.856813,-56.202943],
[-34.85562,-56.202493],
[-34.854982,-56.201763],
[-34.854806,-56.200776],
[-34.853996,-56.200046],
[-34.852904,-56.199703],
[-34.85227,-56.199188],
[-34.852118,-56.198598],
[-34.851992,-56.198019],
[-34.851777,-56.196785],
[-34.851125,-56.195776],
[-34.850157,-56.195154],
[-34.8491,-56.194811],
[-34.84859,-56.194698],
[-34.847938,-56.194296],
[-34.84744,-56.193792],
[-34.846881,-56.19318],
[-34.846705,-56.192756],
[-34.846529,-56.192279],
[-34.846635,-56.191163],
[-34.847304,-56.189532],
[-34.847383,-56.189066],
[-34.847286,-56.18877],
[-34.84468,-56.191474],
[-34.844068,-56.19215],
[-34.842963,-56.193974],
[-34.841211,-56.197214],
[-34.833673,-56.189833],
[-34.835012,-56.187386],
[-34.836068,-56.18434],
[-34.836702,-56.182623],
[-34.836909,-56.181883],
[-34.836843,-56.181335],
[-34.835135,-56.182172],
[-34.834289,-56.182934],
[-34.833268,-56.183481],
[-34.831137,-56.182451],
[-34.83045,-56.182473],
[-34.829983,-56.182033],
[-34.829375,-56.182194],
[-34.827473,-56.18331],
[-34.827332,-56.184061],
[-34.827191,-56.184415],
[-34.826909,-56.184683],
[-34.826046,-56.185155],
[-34.825544,-56.185327],
[-34.825077,-56.185112],
[-34.824302,-56.18537],
[-34.823122,-56.185412],
[-34.822532,-56.186614],
[-34.821625,-56.187773],
[-34.820427,-56.187601],
[-34.819229,-56.187773],
[-34.818313,-56.187344],
[-34.817838,-56.187108],
[-34.817327,-56.187086],
[-34.815988,-56.185799],
[-34.813944,-56.185541],
[-34.811478,-56.192322],
[-34.821695,-56.200132],
[-34.824443,-56.200304],
[-34.817045,-56.213093],
[-34.812324,-56.220818]