[-34.817018,-56.4093982],
[-34.8286703,-56.4359947],
[-34.8391151,-56.4275412],
[-34.840542,-56.4115332],
[-34.855897,-56.3811922],
[-34.860616,-56.3771155],
[-34.866408,-56.3603572],
[-34.871092,-56.3399082],
[-34.8933686,-56.3319665],
[-34.9046116,-56.3119495],
[-34.9009715,-56.2876778],
[-34.9096997,-56.2430459],
[-34.880414,-56.2348062],
[-34.8795695,-56.2155808],
[-34.8905526,-56.2114602],
[-34.9125151,-56.2217599],
[-34.9182897,-56.1764478],
[-34.9384122,-56.1592752],
[-34.9142043,-56.130436],
[-34.9026609,-56.1022836],
[-34.9006899,-56.0494119],
[-34.8899893,-56.0315591],
[-34.8747809,-56.0253793],
[-34.859288,-56.0521584],
[-34.8490041,-56.0528448],
[-34.8374521,-56.05336],
[-34.826134,-56.05525],
[-34.8219512,-56.0512994],
[-34.81627,-56.053276],
[-34.8128616,-56.0496688],
[-34.8078359,-56.0462793],
[-34.805347,-56.040487],
[-34.7972291,-56.037224],
[-34.787278,-56.0355073],
[-34.7812853,-56.0280399],
[-34.7666921,-56.034649],
[-34.759923,-56.0427171],
[-34.7609103,-56.0638314],
[-34.7721916,-56.0809976],
[-34.7767038,-56.0885508],
[-34.7713455,-56.0954171],
[-34.7518841,-56.0906106],
[-34.751257,-56.1085722],
[-34.7352395,-56.1204797],
[-34.7180271,-56.1215096],
[-34.7121007,-56.1476021],
[-34.7243774,-56.1685449],
[-34.7184513,-56.1754115],
[-34.7212723,-56.1884576],
[-34.7198965,-56.1914806],
[-34.7296668,-56.2024026],
[-34.7380608,-56.2104303],
[-34.7620385,-56.2265664],
[-34.7586538,-56.2313729],
[-34.7152051,-56.2457925],
[-34.7231065,-56.2650186],
[-34.7050449,-56.2677651],
[-34.6847209,-56.3110238],
[-34.7078673,-56.349476],
[-34.7366502,-56.3515359],
[-34.782369,-56.3474182],
[-34.7936219,-56.3659554],
[-34.7924941,-56.380375],
[-34.80443,-56.3959552],
[-34.8056501,-56.4095426],
[-34.817018,-56.4093982]